function out=zMqx(d,qz)
d1=d(1);
d2=d(2);
d3=d(3);
d4=d(4);
d5=d(5);
d6=d(6);
d7=d(7);
d8=d(8);
d9=d(9);
d10=d(10);
d11=d(11);
d12=d(12);
d13=d(13);
d14=d(14);
d15=d(15);
d16=d(16);
d17=d(17);
d18=d(18);
d19=d(19);
d20=d(20);
d21=d(21);
d22=d(22);
d23=d(23);
d24=d(24);
d25=d(25);
d26=d(26);
d27=d(27);
d28=d(28);
d29=d(29);
d30=d(30);
d31=d(31);
d32=d(32);
d33=d(33);
d34=d(34);
d35=d(35);
d36=d(36);
d37=d(37);
d38=d(38);
d39=d(39);
d40=d(40);
d41=d(41);
d42=d(42);
d43=d(43);
d44=d(44);
d45=d(45);
d46=d(46);
dd=zeros(1,22);
dd(1)=d1;
dd(2)=d2;
dd(3)=d4 + d3*qz;
dd(4)=d5;
dd(5)=d7 + d6*qz;
dd(6)=d10 + d9*qz + d8*qz^2;
dd(7)=d11;
dd(8)=d12;
dd(9)=d14 + d13*qz;
dd(10)=d17 + d16*qz + d15*qz^2;
dd(11)=d18;
dd(12)=d23 + d21*qz + d19*qz^3 + d20*qz^2;
dd(13)=d24 + d22*qz;
dd(14)=d25;
dd(15)=d27 + d26*qz;
dd(16)=d30 + d29*qz + d28*qz^2;
dd(17)=d31;
dd(18)=d36 + d34*qz + d32*qz^3 + d33*qz^2;
dd(19)=d37 + d35*qz;
dd(20)=d44 + d42*qz + d38*qz^4 + d39*qz^3 + d40*qz^2;
dd(21)=d45 + d43*qz + d41*qz^2;
dd(22)=d46;
d1=dd(1);
d2=dd(2);
d3=dd(3);
d4=dd(4);
d5=dd(5);
d6=dd(6);
d7=dd(7);
d8=dd(8);
d9=dd(9);
d10=dd(10);
d11=dd(11);
d12=dd(12);
d13=dd(13);
d14=dd(14);
d15=dd(15);
d16=dd(16);
d17=dd(17);
d18=dd(18);
d19=dd(19);
d20=dd(20);
d21=dd(21);
d22=dd(22);
out=zeros(8,5,5);
out(1,1,1)=0;
out(2,1,1)=0;
out(3,1,1)=0;
out(4,1,1)=0;
out(5,1,1)=0;
out(6,1,1)=0;
out(7,1,1)=3*d8^2*d17 - 6*d8*d11*d14;
out(8,1,1)=3*d8*d15*d17 - 6*d11*d14*d15;
out(1,1,2)=0;
out(2,1,2)=0;
out(3,1,2)=0;
out(4,1,2)=0;
out(5,1,2)=0;
out(6,1,2)=2*d4*d8*d17 - 4*d4*d11*d14;
out(7,1,2)=2*d8*d9*d17 - 4*d9*d11*d14;
out(8,1,2)=2*d8*d16*d17 - 4*d11*d14*d16;
out(1,1,3)=0;
out(2,1,3)=0;
out(3,1,3)=0;
out(4,1,3)=0;
out(5,1,3)=0;
out(6,1,3)=0;
out(7,1,3)=0;
out(8,1,3)=2*d8*d17^2 - 4*d11*d14*d17;
out(1,1,4)=0;
out(2,1,4)=0;
out(3,1,4)=0;
out(4,1,4)=0;
out(5,1,4)=d2*d8*d17 - 2*d2*d11*d14;
out(6,1,4)=d5*d8*d17 - 2*d5*d11*d14;
out(7,1,4)=d8*d10*d17 - 2*d10*d11*d14;
out(8,1,4)=d8*d17*d18 - 2*d11*d14*d18;
out(1,1,5)=0;
out(2,1,5)=0;
out(3,1,5)=0;
out(4,1,5)=0;
out(5,1,5)=0;
out(6,1,5)=0;
out(7,1,5)=d8*d11*d17 - 2*d11^2*d14;
out(8,1,5)=d8*d17*d19 - 2*d11*d14*d19;
out(1,2,1)=0;
out(2,2,1)=0;
out(3,2,1)=0;
out(4,2,1)=0;
out(5,2,1)=0;
out(6,2,1)=6*d4*d8*d17 - 3*d8^2*d11 - 12*d7*d8*d14;
out(7,2,1)=3*d8^2*d19 + 2*d8*d9*d17 - 9*d8*d11*d15 + 2*d9*d11*d14 - 6*d8*d13*d14 + 8*d4*d15*d17 - 12*d7*d14*d15 - 4*d4*d14*d19;
out(8,2,1)=4*d9*d15*d17 - 2*d8*d16*d17 - 6*d11*d15^2 + 4*d11*d14*d16 + 3*d8*d15*d19 - 2*d9*d14*d19 - 6*d13*d14*d15;
out(1,2,2)=0;
out(2,2,2)=0;
out(3,2,2)=0;
out(4,2,2)=0;
out(5,2,2)=4*d4^2*d17 - 2*d4*d8*d11 - 8*d4*d7*d14;
out(6,2,2)=6*d4*d9*d17 - 2*d8*d9*d11 - 4*d4*d11*d15 - d5*d8*d17 + 2*d5*d11*d14 - 8*d7*d9*d14 + 2*d4*d8*d19 - 4*d4*d13*d14 + 3*d2*d15*d17 - 6*d2*d14*d19;
out(7,2,2)=2*d9^2*d17 - 2*d8*d10*d17 - 2*d8*d11*d16 - 4*d9*d11*d15 + 4*d10*d11*d14 + 2*d8*d9*d19 - 4*d9*d13*d14 + 4*d4*d16*d17 + 2*d5*d15*d17 - 8*d7*d14*d16 - 4*d5*d14*d19;
out(8,2,2)=2*d9*d16*d17 + d10*d15*d17 - 4*d11*d15*d16 + 2*d8*d16*d19 - 3*d8*d17*d18 - 2*d10*d14*d19 + 6*d11*d14*d18 - 4*d13*d14*d16;
out(1,2,3)=0;
out(2,2,3)=0;
out(3,2,3)=0;
out(4,2,3)=0;
out(5,2,3)=0;
out(6,2,3)=0;
out(7,2,3)=4*d4*d17^2 - 2*d8*d11*d17 - 8*d7*d14*d17;
out(8,2,3)=2*d9*d17^2 - 3*d11*d15*d17 + d8*d17*d19 - 4*d13*d14*d17;
out(1,2,4)=0;
out(2,2,4)=0;
out(3,2,4)=0;
out(4,2,4)=2*d2*d4*d17 - d2*d8*d11 - 4*d2*d7*d14;
out(5,2,4)=2*d4*d5*d17 - d5*d8*d11 - 4*d5*d7*d14 + d2*d9*d17 - 2*d2*d11*d15 - d3*d8*d17 + 2*d3*d11*d14 + d2*d8*d19 - 2*d2*d13*d14 + 4*d1*d15*d17 - 8*d1*d14*d19;
out(6,2,4)=2*d4*d10*d17 - d8*d10*d11 + d5*d9*d17 - 2*d5*d11*d15 - 2*d6*d8*d17 + 4*d6*d11*d14 - 4*d7*d10*d14 + d5*d8*d19 - 2*d5*d13*d14 + 3*d3*d15*d17 - 6*d3*d14*d19;
out(7,2,4)=d9*d10*d17 - 2*d10*d11*d15 + d8*d10*d19 - d8*d11*d18 - 3*d8*d12*d17 - 2*d10*d13*d14 + 6*d11*d12*d14 + 2*d6*d15*d17 + 2*d4*d17*d18 - 4*d6*d14*d19 - 4*d7*d14*d18;
out(8,2,4)=d9*d17*d18 - 2*d11*d15*d18 + d12*d15*d17 - 4*d8*d17*d20 + d8*d18*d19 + 8*d11*d14*d20 - 2*d12*d14*d19 - 2*d13*d14*d18;
out(1,2,5)=0;
out(2,2,5)=0;
out(3,2,5)=0;
out(4,2,5)=0;
out(5,2,5)=0;
out(6,2,5)=2*d4*d11*d17 - d8*d11^2 - 4*d7*d11*d14;
out(7,2,5)=d9*d11*d17 - 2*d11^2*d15 - d8*d13*d17 + 2*d7*d15*d17 + 2*d4*d17*d19 - 8*d7*d14*d19;
out(8,2,5)=d8*d19^2 + d9*d17*d19 - 2*d11*d15*d19 + d13*d15*d17 - 2*d8*d17*d21 + 4*d11*d14*d21 - 4*d13*d14*d19;
out(1,3,1)=0;
out(2,3,1)=0;
out(3,3,1)=0;
out(4,3,1)=0;
out(5,3,1)=9*d2*d8*d17 - 9*d7*d8^2;
out(6,3,1)=5*d5*d8*d17 - 2*d8*d9*d11 - 3*d8^2*d13 + 2*d5*d11*d14 - 21*d7*d8*d15 + 4*d7*d9*d14 + 4*d4*d8*d19 - 4*d4*d13*d14 + 12*d2*d15*d17 - 6*d2*d14*d19;
out(7,3,1)=3*d8^2*d21 - 12*d7*d15^2 + d8*d10*d17 - 4*d8*d11*d16 - 2*d9*d11*d15 + 4*d10*d11*d14 + 2*d8*d9*d19 - 9*d8*d13*d15 + 8*d5*d15*d17 + 8*d7*d14*d16 + 4*d4*d15*d19 - 4*d5*d14*d19 - 8*d4*d14*d21;
out(8,3,1)=4*d10*d15*d17 - 6*d13*d15^2 - 4*d11*d15*d16 - 3*d8*d17*d18 + 2*d9*d15*d19 - 2*d10*d14*d19 + 6*d11*d14*d18 + 4*d13*d14*d16 + 3*d8*d15*d21 - 4*d9*d14*d21;
out(1,3,2)=0;
out(2,3,2)=0;
out(3,3,2)=0;
out(4,3,2)=6*d2*d4*d17 - 6*d4*d7*d8;
out(5,3,2)=4*d4^2*d19 - 2*d4*d9*d11 + d5*d8*d11 - 6*d7*d8*d9 - 2*d4*d8*d13 + 2*d4*d5*d17 - 8*d4*d7*d15 + 4*d5*d7*d14 + 9*d2*d9*d17 + d2*d11*d15 - d3*d8*d17 + 2*d3*d11*d14 - 4*d2*d8*d19 - 6*d2*d13*d14 + 4*d1*d15*d17 - 8*d1*d14*d19;
out(6,3,2)=2*d8*d10*d11 - 2*d9^2*d11 - 2*d8*d9*d13 - 2*d4*d10*d17 - 4*d4*d11*d16 + 5*d5*d9*d17 + 2*d5*d11*d15 - 2*d6*d8*d17 + 4*d6*d11*d14 - 6*d7*d8*d16 - 8*d7*d9*d15 + 8*d7*d10*d14 + 6*d4*d9*d19 - 4*d4*d13*d15 - 3*d5*d8*d19 - 2*d5*d13*d14 + 2*d4*d8*d21 + 12*d2*d16*d17 + 3*d3*d15*d17 - 3*d2*d15*d19 - 6*d3*d14*d19 - 12*d2*d14*d21;
out(7,3,2)=2*d9^2*d19 + d9*d10*d17 - 6*d9*d11*d16 + 3*d10*d11*d15 - 2*d8*d10*d19 + 3*d8*d11*d18 - 3*d8*d12*d17 - 2*d8*d13*d16 - 4*d9*d13*d15 + 2*d10*d13*d14 + 6*d11*d12*d14 + 8*d5*d16*d17 + 2*d6*d15*d17 - 8*d7*d15*d16 + 2*d8*d9*d21 + 4*d4*d16*d19 - 6*d4*d17*d18 - 2*d5*d15*d19 - 4*d6*d14*d19 + 12*d7*d14*d18 - 8*d5*d14*d21;
out(8,3,2)=4*d10*d16*d17 - 4*d11*d16^2 + 2*d9*d16*d19 - 3*d9*d17*d18 - d10*d15*d19 + 4*d11*d15*d18 + d12*d15*d17 - 4*d13*d15*d16 + 2*d8*d16*d21 - 4*d8*d17*d20 - d8*d18*d19 - 4*d10*d14*d21 + 8*d11*d14*d20 - 2*d12*d14*d19 + 6*d13*d14*d18;
out(1,3,3)=0;
out(2,3,3)=0;
out(3,3,3)=0;
out(4,3,3)=0;
out(5,3,3)=0;
out(6,3,3)=6*d2*d17^2 - 6*d7*d8*d17;
out(7,3,3)=4*d5*d17^2 - d9*d11*d17 - 3*d8*d13*d17 - 6*d7*d15*d17 + 2*d4*d17*d19;
out(8,3,3)=2*d10*d17^2 - 2*d11*d16*d17 + d9*d17*d19 - 3*d13*d15*d17;
out(1,3,4)=0;
out(2,3,4)=0;
out(3,3,4)=3*d2^2*d17 - 3*d2*d7*d8;
out(4,3,4)=d3*d8*d11 - d2*d9*d11 - 3*d5*d7*d8 - d2*d8*d13 + 5*d2*d5*d17 - 4*d2*d7*d15 - 2*d3*d4*d17 + 4*d3*d7*d14 + 2*d2*d4*d19 + 4*d1*d9*d17 + 2*d1*d11*d15 - 6*d1*d8*d19 - 8*d1*d13*d14;
out(5,3,4)=2*d5^2*d17 - d5*d9*d11 + 2*d6*d8*d11 - 3*d7*d8*d10 - d5*d8*d13 - 4*d4*d6*d17 - 4*d5*d7*d15 + 8*d6*d7*d14 + 2*d4*d5*d19 + 4*d2*d10*d17 - 2*d2*d11*d16 + 2*d3*d9*d17 + 3*d3*d11*d15 + d2*d9*d19 - 2*d2*d13*d15 - 5*d3*d8*d19 - 4*d3*d13*d14 + d2*d8*d21 + 8*d1*d16*d17 - 4*d1*d15*d19 - 16*d1*d14*d21;
out(6,3,4)=3*d8*d11*d12 - d8*d10*d13 - d9*d10*d11 + 3*d5*d10*d17 - 2*d5*d11*d16 + 4*d6*d11*d15 - 4*d7*d10*d15 + 2*d4*d10*d19 - 6*d4*d12*d17 + d5*d9*d19 - 2*d5*d13*d15 - 4*d6*d8*d19 - 3*d7*d8*d18 + 12*d7*d12*d14 + d5*d8*d21 + 6*d3*d16*d17 + 3*d2*d17*d18 - 3*d3*d15*d19 - 12*d3*d14*d21;
out(7,3,4)=d10^2*d17 - 2*d10*d11*d16 + d9*d10*d19 - d9*d11*d18 - 2*d9*d12*d17 - 2*d10*d13*d15 + 5*d11*d12*d15 + 4*d6*d16*d17 + d8*d10*d21 + 4*d8*d11*d20 - 3*d8*d12*d19 - d8*d13*d18 + 4*d12*d13*d14 + 2*d5*d17*d18 - 2*d6*d15*d19 - 4*d7*d15*d18 - 8*d4*d17*d20 + 2*d4*d18*d19 - 8*d6*d14*d21 + 16*d7*d14*d20;
out(8,3,4)=d10*d17*d18 - 2*d11*d16*d18 + 2*d12*d16*d17 - 4*d9*d17*d20 + d9*d18*d19 + 6*d11*d15*d20 - d12*d15*d19 - 2*d13*d15*d18 + d8*d18*d21 - 2*d8*d19*d20 - 4*d12*d14*d21 + 8*d13*d14*d20;
out(1,3,5)=0;
out(2,3,5)=0;
out(3,3,5)=0;
out(4,3,5)=0;
