function out=zMqz(d)
d1=d(1);
d2=d(2);
d3=d(3);
d4=d(4);
d5=d(5);
d6=d(6);
d7=d(7);
d8=d(8);
d9=d(9);
d10=d(10);
d11=d(11);
d12=d(12);
d13=d(13);
d14=d(14);
d15=d(15);
d16=d(16);
d17=d(17);
d18=d(18);
d19=d(19);
d20=d(20);
d21=d(21);
d22=d(22);
d23=d(23);
d24=d(24);
d25=d(25);
d26=d(26);
d27=d(27);
d28=d(28);
d29=d(29);
d30=d(30);
d31=d(31);
d32=d(32);
d33=d(33);
d34=d(34);
d35=d(35);
d36=d(36);
d37=d(37);
d38=d(38);
d39=d(39);
d40=d(40);
d41=d(41);
d42=d(42);
d43=d(43);
d44=d(44);
d45=d(45);
d46=d(46);
out=zeros(22,22);
out(13,20)=2*d8*d11*d32^2 - d1*(4*d32^2*d41 - 8*d32*d35*d38) - 2*d15*d18*d19^2 + 2*d13*d19^2*d22 - d3*d22*d32^2 + 6*d11*d19^2*d28 - 4*d6*d19^2*d35 - 4*d11*d15^2*d38 - 2*d5*d19^2*d41 + 2*d8*d18*d19*d32 - 2*d11*d15*d19*d32 + d6*d19*d22*d32 + 4*d8*d15*d18*d38 + 5*d6*d15*d19*d41 - 4*d6*d15*d22*d38 - 4*d6*d18*d19*d38 - 4*d8*d13*d19*d41 + 8*d11*d13*d19*d38 + 4*d5*d19*d22*d38 - 2*d6*d8*d32*d41 + 4*d6*d8*d35*d38 - 4*d6*d11*d32*d38 + 4*d3*d19*d32*d35 - 3*d3*d15*d32*d41 + 6*d3*d15*d35*d38 + 6*d3*d18*d32*d38 - 6*d3*d19*d28*d41 + 4*d2*d19*d32*d41 - 6*d2*d19*d35*d38 - 2*d2*d22*d32*d38;
out(16,20)=d11*(4*d19*d28*d32 - 8*d15*d28*d38 + 12*d19*d26*d38) + 4*d8*d18*d32^2 - 4*d15*d19^2*d31 + 4*d18*d19^2*d28 - 2*d13*d19^2*d35 + 3*d19^2*d22*d26 + 3*d3*d32^2*d35 - 3*d12*d19^2*d41 - 4*d15*d18*d19*d32 + 3*d13*d19*d22*d32 + 3*d13*d15*d19*d41 - 4*d13*d15*d22*d38 + 2*d13*d18*d19*d38 + 4*d8*d19*d31*d32 + 6*d12*d19*d22*d38 - 3*d6*d19*d32*d35 + 8*d8*d15*d31*d38 + 6*d6*d15*d35*d38 - 2*d6*d18*d32*d38 + 2*d6*d19*d28*d41 - 8*d6*d19*d31*d38 - 4*d6*d22*d28*d38 - 4*d8*d13*d32*d41 - 6*d8*d19*d26*d41 + 2*d5*d19*d32*d41 - 4*d5*d19*d35*d38 - 6*d3*d28*d32*d41 + 12*d3*d31*d32*d38;
out(17,9)=2*d8*d15^2*d41 - 4*d8*d11*d32^2 - d3*d22*d32^2 - d1*(4*d32^2*d41 - 8*d32*d35*d38) + 4*d8^2*d32*d35 - 8*d8^2*d28*d41 - 2*d8*d15*d19*d35 - 2*d8*d15*d22*d32 + 2*d8*d18*d19*d32 + 4*d8*d19*d22*d28 - d6*d19*d22*d32 - 4*d8*d15*d18*d38 + d6*d15*d19*d41 - 2*d6*d15*d22*d38 - 4*d8*d13*d19*d41 + 8*d8*d13*d22*d38 + 16*d8*d11*d28*d38 + 6*d6*d8*d32*d41 - 8*d6*d8*d35*d38 - 4*d6*d11*d32*d38 + 4*d3*d19*d32*d35 - 6*d3*d15*d32*d41 + 6*d3*d15*d35*d38 + 6*d3*d18*d32*d38 + d2*d19*d32*d41 - 2*d2*d22*d32*d38;
out(17,17)=2*d15^3*d41 + d11*(4*d19*d28*d32 - 4*d15*d32^2 + 8*d15*d28*d38 - 8*d13*d32*d38 + 12*d19*d26*d38) - 2*d6*d22*d32^2 - 2*d18*d19^2*d28 - 4*d13*d19^2*d35 + 3*d19^2*d22*d26 - 2*d15^2*d19*d35 - 2*d15^2*d22*d32 - 4*d15^2*d18*d38 - 3*d12*d19^2*d41 - 3*d2*d32^2*d41 + 2*d15*d18*d19*d32 + 4*d15*d19*d22*d28 + d13*d19*d22*d32 + d13*d15*d19*d41 - 2*d13*d18*d19*d38 + 4*d8*d15*d32*d35 + 6*d12*d19*d22*d38 + 4*d6*d19*d32*d35 - 8*d8*d15*d28*d41 + 8*d8*d18*d28*d38 + d6*d15*d32*d41 - 6*d6*d15*d35*d38 + 4*d6*d18*d32*d38 + 8*d8*d13*d35*d38 - 6*d8*d19*d26*d41 + 4*d5*d19*d32*d41 - 4*d5*d19*d35*d38 - 4*d5*d22*d32*d38 - 6*d3*d28*d32*d41 + 12*d3*d28*d35*d38 + 6*d2*d32*d35*d38;
out(17,20)=4*d8*d24*d32^2 - 2*d9*d22*d32^2 - d11*(4*d20*d32^2 - 4*d19*d32*d33 + 8*d15*d33*d38 + 4*d16*d32*d38 - 8*d19*d29*d38 - 16*d20*d28*d38) - 4*d16*d19^2*d35 - 2*d18*d19^2*d33 + 2*d19^2*d22*d29 - 2*d15*d19^2*d37 + 6*d19^2*d24*d28 - 2*d14*d19^2*d41 + 2*d13*d19^2*d43 + 2*d15^2*d20*d41 - d15^2*d22*d39 - 3*d4*d32^2*d41 + 3*d3*d32^2*d43 - 2*d15*d19*d20*d35 + d15*d19*d22*d33 - d15*d20*d22*d32 + 2*d16*d19*d22*d32 + 2*d18*d19*d20*d32 + 2*d19*d20*d22*d28 - 4*d15*d19*d24*d32 + 5*d15*d16*d19*d41 - 6*d15*d16*d22*d38 - 4*d15*d18*d20*d38 - 2*d16*d18*d19*d38 - 6*d13*d19*d20*d41 + 8*d13*d20*d22*d38 + 4*d14*d19*d22*d38 + 4*d13*d19*d24*d38 + 2*d8*d20*d32*d35 + 4*d9*d19*d32*d35 + 2*d8*d19*d32*d37 - 2*d8*d15*d33*d41 + 2*d8*d15*d35*d39 - 4*d8*d16*d32*d41 + 8*d8*d16*d35*d38 + 8*d8*d18*d33*d38 - 4*d8*d19*d29*d41 - 4*d8*d20*d28*d41 - d9*d15*d32*d41 + 2*d9*d15*d35*d38 + 4*d9*d18*d32*d38 - 6*d9*d19*d28*d41 + 4*d9*d22*d28*d38 + 4*d8*d15*d37*d38 - 8*d8*d24*d28*d38 + 4*d6*d19*d33*d41 + 5*d6*d20*d32*d41 - 8*d6*d20*d35*d38 - 4*d6*d22*d33*d38 + 3*d7*d19*d32*d41 - 4*d7*d19*d35*d38 - 2*d7*d22*d32*d38 - 3*d6*d19*d32*d43 - 4*d6*d19*d37*d38 - 2*d6*d24*d32*d38 - 3*d6*d15*d39*d41 + 4*d8*d13*d39*d41 + 6*d6*d15*d38*d43 - 8*d8*d13*d38*d43 - 9*d3*d32*d33*d41 + 12*d3*d33*d35*d38 + 6*d4*d32*d35*d38 + 6*d3*d32*d37*d38 + 6*d3*d28*d39*d41 - 12*d3*d28*d38*d43;
out(20,20)=d12*(d19*d32*d41 - 2*d19*d35*d38) + 6*d8*d31*d32^2 + 2*d19^2*d28*d31 - d19^2*d26*d35 + 4*d15^2*d31*d38 - 4*d19^2*d25*d41 - 6*d15*d19*d31*d32 + 2*d18*d19*d28*d32 - d13*d19*d32*d35 - 4*d15*d18*d28*d38 + 4*d19*d22*d26*d32 + 2*d13*d15*d35*d38 - 4*d13*d19*d31*d38 + 3*d15*d19*d26*d41 - 6*d15*d22*d26*d38 + 6*d18*d19*d26*d38 + 8*d19*d22*d25*d38 - 6*d8*d26*d32*d41;
out(21,9)=d13*(2*d8*d32*d41 - 4*d8*d35*d38) - 2*d8*d18*d32^2 + 3*d3*d32^2*d35 + 4*d8*d19*d31*d32 - d6*d19*d32*d35 - 8*d8*d15*d31*d38 + 8*d8*d18*d28*d38 + 2*d6*d15*d35*d38 - 2*d6*d18*d32*d38 + 2*d6*d19*d28*d41 - 4*d6*d22*d28*d38 - 6*d8*d19*d26*d41 + 12*d8*d22*d26*d38 - 6*d3*d28*d32*d41 + 12*d3*d31*d32*d38;
out(21,17)=d12*(d19*d32*d41 - 2*d19*d35*d38) - 2*d15*d18*d32^2 + 4*d19*d22*d28^2 + 2*d6*d32^2*d35 - 8*d8*d28^2*d41 - 4*d19^2*d28*d31 - d19^2*d26*d35 + 2*d15^2*d28*d41 - 8*d15^2*d31*d38 - 4*d19^2*d25*d41 - 2*d15*d19*d28*d35 + 4*d15*d19*d31*d32 - 2*d15*d22*d28*d32 + 2*d18*d19*d28*d32 - 3*d13*d19*d32*d35 + 4*d15*d18*d28*d38 + 4*d19*d22*d26*d32 + d13*d15*d32*d41 + 2*d13*d15*d35*d38 - 4*d13*d18*d32*d38 + 6*d13*d19*d28*d41 - 4*d13*d19*d31*d38 - 8*d13*d22*d28*d38 - 6*d15*d19*d26*d41 + 6*d15*d22*d26*d38 + 6*d18*d19*d26*d38 + 4*d8*d28*d32*d35 + 8*d19*d22*d25*d38 + 16*d8*d28*d31*d38 - 4*d6*d28*d32*d41 + 8*d6*d31*d32*d38;
out(21,20)=2*d9*d32^2*d35 - 2*d18*d20*d32^2 - d13*(4*d20*d35*d38 - 2*d20*d32*d41 - d19*d33*d41 + d19*d32*d43 + 2*d19*d37*d38 + d15*d39*d41 - 2*d15*d38*d43) + 6*d8*d32^2*d37 - 2*d19^2*d29*d35 - 4*d19^2*d31*d33 + 4*d19^2*d28*d37 - 3*d19^2*d27*d41 + 3*d19^2*d26*d43 + d15^2*d35*d39 + 4*d15^2*d37*d38 - d15*d19*d33*d35 - d15*d20*d32*d35 - 2*d16*d19*d32*d35 + 2*d18*d19*d32*d33 + 4*d19*d20*d31*d32 + 2*d19*d22*d28*d33 + 4*d19*d22*d29*d32 - 6*d15*d19*d32*d37 + 2*d19*d24*d28*d32 + 4*d15*d16*d35*d38 - 4*d15*d18*d33*d38 + 3*d15*d19*d29*d41 + 2*d15*d20*d28*d41 - 8*d15*d20*d31*d38 - 2*d15*d22*d28*d39 - 6*d15*d22*d29*d38 - 2*d16*d18*d32*d38 + 2*d16*d19*d28*d41 - 4*d16*d19*d31*d38 - 4*d16*d22*d28*d38 + 4*d18*d19*d29*d38 + 8*d18*d20*d28*d38 - 4*d15*d24*d28*d38 + d14*d19*d32*d41 - 2*d14*d19*d35*d38 - 9*d19*d20*d26*d41 + 6*d19*d22*d27*d38 + 12*d20*d22*d26*d38 + 6*d19*d24*d26*d38 + 2*d8*d32*d33*d35 - 4*d8*d28*d33*d41 - 6*d8*d29*d32*d41 + 4*d8*d29*d35*d38 + 16*d8*d31*d33*d38 - 4*d9*d28*d32*d41 + 8*d9*d31*d32*d38 - 8*d8*d28*d37*d38 + 6*d8*d26*d39*d41 - 12*d8*d26*d38*d43;
out(22,3)=4*d3*d19*d32*d35 - 4*d3*d22*d32^2 - d1*(4*d32^2*d41 - 8*d32*d35*d38) + 3*d3*d15*d32*d41 - 6*d3*d15*d35*d38 - 6*d3*d19*d28*d41 + 12*d3*d22*d28*d38 + d2*d19*d32*d41 - 2*d2*d22*d32*d38;
out(22,7)=d13*(2*d8*d32*d41 - 4*d8*d35*d38) - 4*d6*d22*d32^2 - 3*d2*d32^2*d41 + 4*d6*d19*d32*d35 + 3*d6*d15*d32*d41 - 6*d6*d15*d35*d38 - 4*d6*d19*d28*d41 + 8*d6*d22*d28*d38 - 6*d8*d19*d26*d41 + 12*d8*d22*d26*d38 + 2*d5*d19*d32*d41 - 4*d5*d22*d32*d38 - 6*d3*d28*d32*d41 + 12*d3*d28*d35*d38 + 6*d2*d32*d35*d38;
out(22,9)=3*d3*d32^2*d43 - 4*d9*d22*d32^2 - 2*d8*d24*d32^2 - 3*d4*d32^2*d41 - d15*(2*d8*d35*d39 - 2*d8*d33*d41 - 3*d9*d32*d41 + 6*d9*d35*d38 + 4*d8*d37*d38 + d6*d39*d41 - 2*d6*d38*d43) + 2*d8*d20*d32*d35 - 2*d8*d22*d32*d33 + 4*d9*d19*d32*d35 + 2*d8*d19*d32*d37 + 2*d8*d16*d32*d41 - 4*d8*d16*d35*d38 - 4*d8*d19*d29*d41 - 4*d8*d20*d28*d41 + 4*d8*d22*d28*d39 + 8*d8*d22*d29*d38 - 6*d9*d19*d28*d41 + 12*d9*d22*d28*d38 + 8*d8*d24*d28*d38 + 2*d6*d19*d33*d41 + d6*d20*d32*d41 - 4*d6*d22*d33*d38 + d7*d19*d32*d41 - 2*d7*d22*d32*d38 - d6*d19*d32*d43 - 2*d6*d24*d32*d38 - 9*d3*d32*d33*d41 + 12*d3*d33*d35*d38 + 6*d4*d32*d35*d38 + 6*d3*d32*d37*d38 + 6*d3*d28*d39*d41 - 12*d3*d28*d38*d43;
