function out=zMqz(d)
d1=d(1);
d2=d(2);
d3=d(3);
d4=d(4);
d5=d(5);
d6=d(6);
d7=d(7);
d8=d(8);
d9=d(9);
d10=d(10);
d11=d(11);
d12=d(12);
d13=d(13);
d14=d(14);
d15=d(15);
d16=d(16);
d17=d(17);
d18=d(18);
d19=d(19);
d20=d(20);
d21=d(21);
d22=d(22);
d23=d(23);
d24=d(24);
d25=d(25);
d26=d(26);
d27=d(27);
d28=d(28);
d29=d(29);
d30=d(30);
d31=d(31);
d32=d(32);
d33=d(33);
d34=d(34);
d35=d(35);
d36=d(36);
d37=d(37);
d38=d(38);
d39=d(39);
d40=d(40);
d41=d(41);
d42=d(42);
d43=d(43);
d44=d(44);
d45=d(45);
d46=d(46);
out=zeros(22,22);
out(22,20)=4*d19*d22*d28*d38 - 2*d8*d32^2*d41 - 2*d19^2*d28*d41 - d15*(2*d19*d35*d38 - 2*d19*d32*d41 + 2*d22*d32*d38) + 4*d8*d32*d35*d38;
end