function out=xMqz1(os)
o1=os(1);o1=os(1);o1=os(1);o2=os(2);o2=os(2);o2=os(2);o3=os(3);o3=os(3);o3=os(3);o4=os(4);o4=os(4);o4=os(4);o5=os(5);o5=os(5);o5=os(5);o6=os(6);o6=os(6);o6=os(6);o7=os(7);o7=os(7);o7=os(7);o8=os(8);o8=os(8);o8=os(8);o9=os(9);o9=os(9);o9=os(9);o10=os(10);o10=os(10);o10=os(10);o11=os(11);o11=os(11);o11=os(11);o12=os(12);o12=os(12);o12=os(12);o13=os(13);o13=os(13);o13=os(13);o14=os(14);o14=os(14);o14=os(14);o15=os(15);o15=os(15);o15=os(15);o16=os(16);o16=os(16);o16=os(16);o17=os(17);o17=os(17);o17=os(17);o18=os(18);o18=os(18);o18=os(18);o19=os(19);o19=os(19);o19=os(19);o20=os(20);o20=os(20);o20=os(20);o21=os(21);o21=os(21);o21=os(21);o22=os(22);o22=os(22);o22=os(22);o23=os(23);o23=os(23);o23=os(23);o24=os(24);o24=os(24);o24=os(24);o25=os(25);o25=os(25);o25=os(25);o26=os(26);o26=os(26);o26=os(26);o27=os(27);o27=os(27);o27=os(27);o28=os(28);o28=os(28);o28=os(28);o29=os(29);o29=os(29);o29=os(29);o30=os(30);o30=os(30);o30=os(30);o31=os(31);o31=os(31);o31=os(31);o32=os(32);o32=os(32);o32=os(32);o33=os(33);o33=os(33);o33=os(33);o34=os(34);o34=os(34);o34=os(34);o35=os(35);o35=os(35);o35=os(35);o36=os(36);o36=os(36);o36=os(36);o37=os(37);o37=os(37);o37=os(37);o38=os(38);o38=os(38);o38=os(38);o39=os(39);o39=os(39);o39=os(39);o40=os(40);o40=os(40);o40=os(40);o41=os(41);o41=os(41);o41=os(41);o42=os(42);o42=os(42);o42=os(42);o43=os(43);o43=os(43);o43=os(43);o44=os(44);o44=os(44);o44=os(44);o45=os(45);o45=os(45);o45=os(45);o46=os(46);o46=os(46);o46=os(46);out=zeros(17,17);
out(17,16)=4*o18*o25*o29^2 - o12*(2*o29^2*o31 - 8*o28*o30*o31 + 6*o26*o30*o35 - 3*o27*o29*o35 - 3*o26*o29*o37 + 6*o27*o28*o37) + 6*o18*o27^2*o28 + 6*o18*o26^2*o30 - 3*o13*o27^2*o35 - 3*o14*o26^2*o37 - 4*o13*o26*o30*o31 + 2*o13*o27*o29*o31 + 2*o14*o26*o29*o31 - 4*o14*o27*o28*o31 - 6*o18*o26*o27*o29 - 16*o18*o25*o28*o30 + 3*o14*o26*o27*o35 + 8*o13*o25*o30*o35 + 3*o13*o26*o27*o37 - 4*o14*o25*o29*o35 - 4*o13*o25*o29*o37 + 8*o14*o25*o28*o37;
end