function out=xMqz4(os)
o1=os(1);o1=os(1);o1=os(1);o2=os(2);o2=os(2);o2=os(2);o3=os(3);o3=os(3);o3=os(3);o4=os(4);o4=os(4);o4=os(4);o5=os(5);o5=os(5);o5=os(5);o6=os(6);o6=os(6);o6=os(6);o7=os(7);o7=os(7);o7=os(7);o8=os(8);o8=os(8);o8=os(8);o9=os(9);o9=os(9);o9=os(9);o10=os(10);o10=os(10);o10=os(10);o11=os(11);o11=os(11);o11=os(11);o12=os(12);o12=os(12);o12=os(12);o13=os(13);o13=os(13);o13=os(13);o14=os(14);o14=os(14);o14=os(14);o15=os(15);o15=os(15);o15=os(15);o16=os(16);o16=os(16);o16=os(16);o17=os(17);o17=os(17);o17=os(17);o18=os(18);o18=os(18);o18=os(18);o19=os(19);o19=os(19);o19=os(19);o20=os(20);o20=os(20);o20=os(20);o21=os(21);o21=os(21);o21=os(21);o22=os(22);o22=os(22);o22=os(22);o23=os(23);o23=os(23);o23=os(23);o24=os(24);o24=os(24);o24=os(24);o25=os(25);o25=os(25);o25=os(25);o26=os(26);o26=os(26);o26=os(26);o27=os(27);o27=os(27);o27=os(27);o28=os(28);o28=os(28);o28=os(28);o29=os(29);o29=os(29);o29=os(29);o30=os(30);o30=os(30);o30=os(30);o31=os(31);o31=os(31);o31=os(31);o32=os(32);o32=os(32);o32=os(32);o33=os(33);o33=os(33);o33=os(33);o34=os(34);o34=os(34);o34=os(34);o35=os(35);o35=os(35);o35=os(35);o36=os(36);o36=os(36);o36=os(36);o37=os(37);o37=os(37);o37=os(37);o38=os(38);o38=os(38);o38=os(38);o39=os(39);o39=os(39);o39=os(39);o40=os(40);o40=os(40);o40=os(40);o41=os(41);o41=os(41);o41=os(41);o42=os(42);o42=os(42);o42=os(42);o43=os(43);o43=os(43);o43=os(43);o44=os(44);o44=os(44);o44=os(44);o45=os(45);o45=os(45);o45=os(45);o46=os(46);o46=os(46);o46=os(46);out=zeros(17,17);
out(6,16)=8*o22*o25*o33^2 - o18*o26*o33^2 - o12*(o33^2*o35 - 4*o32*o34*o35 + o32*o33*o37 + 8*o28*o34*o41 - 6*o29*o33*o41 + 2*o29*o35*o39 + 4*o30*o32*o41 - 8*o30*o35*o38 - 12*o31*o32*o40 + 10*o31*o33*o39 - 16*o31*o34*o38 - 2*o28*o33*o43 - 6*o28*o37*o39 + 5*o29*o32*o43 + 8*o29*o37*o38 + 12*o26*o40*o41 - 6*o27*o39*o41 - 9*o26*o39*o43 + 12*o27*o38*o43) - 6*o19*o27^2*o41 + 12*o22*o27^2*o38 + 6*o22*o26^2*o40 - 3*o20*o26^2*o43 - 2*o15*o26*o34*o35 + o15*o27*o33*o35 + o16*o26*o33*o35 - 2*o16*o27*o32*o35 + 2*o18*o26*o32*o34 + o18*o27*o32*o33 - 2*o19*o26*o30*o35 - 4*o19*o26*o31*o34 - o19*o27*o29*o35 + 4*o19*o27*o31*o33 + o20*o26*o29*o35 + 2*o20*o26*o31*o33 - 6*o20*o27*o31*o32 + 4*o22*o26*o28*o34 - 3*o22*o26*o29*o33 + 2*o22*o26*o30*o32 - 2*o22*o27*o28*o33 + 5*o22*o27*o29*o32 + o15*o26*o33*o37 - o16*o26*o32*o37 + 2*o19*o26*o29*o37 - 2*o20*o26*o28*o37 - 4*o15*o26*o31*o40 - 4*o15*o27*o29*o41 + 6*o15*o27*o31*o39 + 2*o16*o26*o31*o39 + 4*o16*o27*o28*o41 - 8*o16*o27*o31*o38 + 4*o18*o26*o28*o40 - 2*o18*o26*o29*o39 - 6*o18*o27*o28*o39 + 8*o18*o27*o29*o38 + 2*o15*o26*o29*o43 - 2*o16*o26*o28*o43 + 8*o19*o25*o34*o35 - 4*o20*o25*o33*o35 - 24*o22*o25*o32*o34 - 2*o13*o26*o35*o40 - 2*o13*o27*o33*o41 + 3*o13*o27*o35*o39 + o14*o26*o35*o39 + 2*o14*o27*o32*o41 - 4*o14*o27*o35*o38 - 8*o19*o25*o33*o37 + 12*o20*o25*o32*o37 + 6*o20*o26*o27*o41 - 12*o22*o26*o27*o39 + o13*o26*o33*o43 - o14*o26*o32*o43 + 16*o15*o25*o34*o41 + 8*o15*o25*o35*o40 - 8*o16*o25*o33*o41 - 4*o16*o25*o35*o39 - 24*o18*o25*o32*o40 + 20*o18*o25*o33*o39 - 32*o18*o25*o34*o38 + 16*o19*o25*o30*o41 + 3*o19*o26*o27*o43 - 8*o20*o25*o29*o41 - 16*o22*o25*o28*o40 + 16*o22*o25*o29*o39 - 32*o22*o25*o30*o38 - 8*o15*o25*o33*o43 - 12*o15*o25*o37*o39 + 12*o16*o25*o32*o43 + 16*o16*o25*o37*o38 - 4*o19*o25*o29*o43 + 8*o20*o25*o28*o43 + 16*o13*o25*o40*o41 - 8*o14*o25*o39*o41 - 12*o13*o25*o39*o43 + 16*o14*o25*o38*o43;
out(8,16)=o12*(4*o32*o34*o37 - 2*o33^2*o37 + 6*o32*o35*o36 + 2*o29*o34*o41 - 2*o29*o35*o40 + 4*o30*o33*o41 + 2*o30*o35*o39 - 4*o31*o33*o40 - 2*o31*o34*o39 - 4*o28*o34*o43 - 12*o28*o36*o41 + 8*o28*o37*o40 + 3*o29*o33*o43 - 4*o29*o37*o39 - 8*o30*o32*o43 + 18*o31*o32*o42 + 24*o31*o36*o38 + 4*o28*o33*o45 - 10*o29*o32*o45 - 18*o26*o41*o42 + 3*o27*o39*o43 + 18*o26*o39*o45 - 24*o27*o38*o45) + 8*o24*o25*o33^2 - 3*o19*o27^2*o43 + 12*o24*o27^2*o38 - 3*o21*o26^2*o43 + 9*o22*o26^2*o42 + 6*o24*o26^2*o40 - 6*o20*o26^2*o45 + o17*o26*o33*o35 - 2*o17*o27*o32*o35 - o18*o26*o33*o34 + 2*o18*o27*o32*o34 - 2*o19*o27*o30*o35 + 2*o19*o27*o31*o34 + o21*o26*o29*o35 + 2*o21*o26*o31*o33 - 6*o21*o27*o31*o32 - o22*o26*o29*o34 - 2*o22*o26*o30*o33 + 6*o22*o27*o30*o32 - o15*o26*o34*o37 - 3*o15*o26*o35*o36 + 2*o15*o27*o33*o37 + o16*o26*o33*o37 - 3*o16*o27*o32*o37 - o17*o26*o32*o37 + 3*o18*o26*o32*o36 - 6*o19*o26*o31*o36 + o19*o27*o29*o37 + o20*o26*o29*o37 - 2*o20*o27*o28*o37 - 2*o21*o26*o28*o37 + 6*o22*o26*o28*o36 + 4*o24*o26*o28*o34 - 3*o24*o26*o29*o33 + 2*o24*o26*o30*o32 - 2*o24*o27*o28*o33 + 5*o24*o27*o29*o32 - 4*o15*o27*o30*o41 + 4*o15*o27*o31*o40 + 2*o17*o26*o31*o39 + 4*o17*o27*o28*o41 - 8*o17*o27*o31*o38 - 2*o18*o26*o30*o39 - 4*o18*o27*o28*o40 + 8*o18*o27*o30*o38 + 2*o15*o26*o30*o43 - 6*o15*o26*o31*o42 - 2*o15*o27*o29*o43 + 2*o16*o27*o28*o43 - 2*o17*o26*o28*o43 + 6*o18*o26*o28*o42 - 4*o21*o25*o33*o35 + 4*o22*o25*o33*o34 - 2*o13*o27*o34*o41 + 2*o13*o27*o35*o40 + 4*o15*o26*o29*o45 - 4*o16*o26*o28*o45 - 4*o19*o25*o34*o37 + 12*o19*o25*o35*o36 + 12*o21*o25*o32*o37 + 6*o21*o26*o27*o41 - 36*o22*o25*o32*o36 - 6*o22*o26*o27*o40 - 24*o24*o25*o32*o34 + o13*o26*o34*o43 - 3*o13*o26*o35*o42 - 2*o13*o26*o37*o40 - o13*o27*o33*o43 + 3*o13*o27*o37*o39 + o14*o26*o37*o39 + o14*o27*o32*o43 - 4*o14*o27*o37*o38 - 8*o17*o25*o33*o41 - 4*o17*o25*o35*o39 + 8*o18*o25*o33*o40 + 4*o18*o25*o34*o39 + 3*o20*o26*o27*o43 - 8*o21*o25*o29*o41 + 8*o22*o25*o29*o40 - 12*o24*o26*o27*o39 + 2*o13*o26*o33*o45 - 2*o14*o26*o32*o45 + 4*o15*o25*o34*o43 + 12*o15*o25*o35*o42 + 24*o15*o25*o36*o41 - 8*o15*o25*o37*o40 - 4*o16*o25*o33*o43 + 12*o17*o25*o32*o43 + 16*o17*o25*o37*o38 - 36*o18*o25*o32*o42 - 48*o18*o25*o36*o38 + 8*o19*o25*o30*o43 + 6*o19*o26*o27*o45 - 4*o20*o25*o29*o43 + 8*o21*o25*o28*o43 - 24*o22*o25*o28*o42 - 16*o24*o25*o28*o40 + 16*o24*o25*o29*o39 - 32*o24*o25*o30*o38 - 16*o15*o25*o33*o45 + 24*o16*o25*o32*o45 - 8*o19*o25*o29*o45 + 16*o20*o25*o28*o45 + 24*o13*o25*o41*o42 - 4*o14*o25*o39*o43 - 24*o13*o25*o39*o45 + 32*o14*o25*o38*o45;
