function out=zMqz3(os)
o1=os(1);o1=os(1);o1=os(1);o2=os(2);o2=os(2);o2=os(2);o3=os(3);o3=os(3);o3=os(3);o4=os(4);o4=os(4);o4=os(4);o5=os(5);o5=os(5);o5=os(5);o6=os(6);o6=os(6);o6=os(6);o7=os(7);o7=os(7);o7=os(7);o8=os(8);o8=os(8);o8=os(8);o9=os(9);o9=os(9);o9=os(9);o10=os(10);o10=os(10);o10=os(10);o11=os(11);o11=os(11);o11=os(11);o12=os(12);o12=os(12);o12=os(12);o13=os(13);o13=os(13);o13=os(13);o14=os(14);o14=os(14);o14=os(14);o15=os(15);o15=os(15);o15=os(15);o16=os(16);o16=os(16);o16=os(16);o17=os(17);o17=os(17);o17=os(17);o18=os(18);o18=os(18);o18=os(18);o19=os(19);o19=os(19);o19=os(19);o20=os(20);o20=os(20);o20=os(20);o21=os(21);o21=os(21);o21=os(21);o22=os(22);o22=os(22);o22=os(22);o23=os(23);o23=os(23);o23=os(23);o24=os(24);o24=os(24);o24=os(24);o25=os(25);o25=os(25);o25=os(25);o26=os(26);o26=os(26);o26=os(26);o27=os(27);o27=os(27);o27=os(27);o28=os(28);o28=os(28);o28=os(28);o29=os(29);o29=os(29);o29=os(29);o30=os(30);o30=os(30);o30=os(30);o31=os(31);o31=os(31);o31=os(31);o32=os(32);o32=os(32);o32=os(32);o33=os(33);o33=os(33);o33=os(33);o34=os(34);o34=os(34);o34=os(34);o35=os(35);o35=os(35);o35=os(35);o36=os(36);o36=os(36);o36=os(36);o37=os(37);o37=os(37);o37=os(37);o38=os(38);o38=os(38);o38=os(38);o39=os(39);o39=os(39);o39=os(39);o40=os(40);o40=os(40);o40=os(40);o41=os(41);o41=os(41);o41=os(41);o42=os(42);o42=os(42);o42=os(42);o43=os(43);o43=os(43);o43=os(43);o44=os(44);o44=os(44);o44=os(44);o45=os(45);o45=os(45);o45=os(45);o46=os(46);o46=os(46);o46=os(46);out=zeros(22,22);
out(12,20)=o1*(4*o32^2*o41 - 8*o32*o35*o38) - 2*o8*o11*o32^2 + 2*o15*o18*o19^2 - 2*o13*o19^2*o22 + o3*o22*o32^2 - 6*o11*o19^2*o28 + 4*o6*o19^2*o35 + 4*o11*o15^2*o38 + 2*o5*o19^2*o41 - 2*o8*o18*o19*o32 + 2*o11*o15*o19*o32 - o6*o19*o22*o32 - 4*o8*o15*o18*o38 - 5*o6*o15*o19*o41 + 4*o6*o15*o22*o38 + 4*o6*o18*o19*o38 + 4*o8*o13*o19*o41 - 8*o11*o13*o19*o38 - 4*o5*o19*o22*o38 + 2*o6*o8*o32*o41 - 4*o6*o8*o35*o38 + 4*o6*o11*o32*o38 - 4*o3*o19*o32*o35 + 3*o3*o15*o32*o41 - 6*o3*o15*o35*o38 - 6*o3*o18*o32*o38 + 6*o3*o19*o28*o41 - 4*o2*o19*o32*o41 + 6*o2*o19*o35*o38 + 2*o2*o22*o32*o38;
out(16,20)=4*o15*o19^2*o31 - 4*o8*o18*o32^2 - o11*(4*o19*o28*o32 - 8*o15*o28*o38 + 12*o19*o26*o38) - 4*o18*o19^2*o28 + 2*o13*o19^2*o35 - 3*o19^2*o22*o26 - 3*o3*o32^2*o35 + 3*o12*o19^2*o41 + 4*o15*o18*o19*o32 - 3*o13*o19*o22*o32 - 3*o13*o15*o19*o41 + 4*o13*o15*o22*o38 - 2*o13*o18*o19*o38 - 4*o8*o19*o31*o32 - 6*o12*o19*o22*o38 + 3*o6*o19*o32*o35 - 8*o8*o15*o31*o38 - 6*o6*o15*o35*o38 + 2*o6*o18*o32*o38 - 2*o6*o19*o28*o41 + 8*o6*o19*o31*o38 + 4*o6*o22*o28*o38 + 4*o8*o13*o32*o41 + 6*o8*o19*o26*o41 - 2*o5*o19*o32*o41 + 4*o5*o19*o35*o38 + 6*o3*o28*o32*o41 - 12*o3*o31*o32*o38;
out(17,9)=o1*(4*o32^2*o41 - 8*o32*o35*o38) + 4*o8*o11*o32^2 + o3*o22*o32^2 - 2*o8*o15^2*o41 - 4*o8^2*o32*o35 + 8*o8^2*o28*o41 + 2*o8*o15*o19*o35 + 2*o8*o15*o22*o32 - 2*o8*o18*o19*o32 - 4*o8*o19*o22*o28 + o6*o19*o22*o32 + 4*o8*o15*o18*o38 - o6*o15*o19*o41 + 2*o6*o15*o22*o38 + 4*o8*o13*o19*o41 - 8*o8*o13*o22*o38 - 16*o8*o11*o28*o38 - 6*o6*o8*o32*o41 + 8*o6*o8*o35*o38 + 4*o6*o11*o32*o38 - 4*o3*o19*o32*o35 + 6*o3*o15*o32*o41 - 6*o3*o15*o35*o38 - 6*o3*o18*o32*o38 - o2*o19*o32*o41 + 2*o2*o22*o32*o38;
out(17,17)=2*o6*o22*o32^2 - 2*o15^3*o41 - o11*(4*o19*o28*o32 - 4*o15*o32^2 + 8*o15*o28*o38 - 8*o13*o32*o38 + 12*o19*o26*o38) + 2*o18*o19^2*o28 + 4*o13*o19^2*o35 - 3*o19^2*o22*o26 + 2*o15^2*o19*o35 + 2*o15^2*o22*o32 + 4*o15^2*o18*o38 + 3*o12*o19^2*o41 + 3*o2*o32^2*o41 - 2*o15*o18*o19*o32 - 4*o15*o19*o22*o28 - o13*o19*o22*o32 - o13*o15*o19*o41 + 2*o13*o18*o19*o38 - 4*o8*o15*o32*o35 - 6*o12*o19*o22*o38 - 4*o6*o19*o32*o35 + 8*o8*o15*o28*o41 - 8*o8*o18*o28*o38 - o6*o15*o32*o41 + 6*o6*o15*o35*o38 - 4*o6*o18*o32*o38 - 8*o8*o13*o35*o38 + 6*o8*o19*o26*o41 - 4*o5*o19*o32*o41 + 4*o5*o19*o35*o38 + 4*o5*o22*o32*o38 + 6*o3*o28*o32*o41 - 12*o3*o28*o35*o38 - 6*o2*o32*o35*o38;
out(17,20)=o11*(4*o20*o32^2 - 4*o19*o32*o33 + 8*o15*o33*o38 + 4*o16*o32*o38 - 8*o19*o29*o38 - 16*o20*o28*o38) + 2*o9*o22*o32^2 - 4*o8*o24*o32^2 + 4*o16*o19^2*o35 + 2*o18*o19^2*o33 - 2*o19^2*o22*o29 + 2*o15*o19^2*o37 - 6*o19^2*o24*o28 + 2*o14*o19^2*o41 - 2*o13*o19^2*o43 - 2*o15^2*o20*o41 + o15^2*o22*o39 + 3*o4*o32^2*o41 - 3*o3*o32^2*o43 + 2*o15*o19*o20*o35 - o15*o19*o22*o33 + o15*o20*o22*o32 - 2*o16*o19*o22*o32 - 2*o18*o19*o20*o32 - 2*o19*o20*o22*o28 + 4*o15*o19*o24*o32 - 5*o15*o16*o19*o41 + 6*o15*o16*o22*o38 + 4*o15*o18*o20*o38 + 2*o16*o18*o19*o38 + 6*o13*o19*o20*o41 - 8*o13*o20*o22*o38 - 4*o14*o19*o22*o38 - 4*o13*o19*o24*o38 - 2*o8*o20*o32*o35 - 4*o9*o19*o32*o35 - 2*o8*o19*o32*o37 + 2*o8*o15*o33*o41 - 2*o8*o15*o35*o39 + 4*o8*o16*o32*o41 - 8*o8*o16*o35*o38 - 8*o8*o18*o33*o38 + 4*o8*o19*o29*o41 + 4*o8*o20*o28*o41 + o9*o15*o32*o41 - 2*o9*o15*o35*o38 - 4*o9*o18*o32*o38 + 6*o9*o19*o28*o41 - 4*o9*o22*o28*o38 - 4*o8*o15*o37*o38 + 8*o8*o24*o28*o38 - 4*o6*o19*o33*o41 - 5*o6*o20*o32*o41 + 8*o6*o20*o35*o38 + 4*o6*o22*o33*o38 - 3*o7*o19*o32*o41 + 4*o7*o19*o35*o38 + 2*o7*o22*o32*o38 + 3*o6*o19*o32*o43 + 4*o6*o19*o37*o38 + 2*o6*o24*o32*o38 + 3*o6*o15*o39*o41 - 4*o8*o13*o39*o41 - 6*o6*o15*o38*o43 + 8*o8*o13*o38*o43 + 9*o3*o32*o33*o41 - 12*o3*o33*o35*o38 - 6*o4*o32*o35*o38 - 6*o3*o32*o37*o38 - 6*o3*o28*o39*o41 + 12*o3*o28*o38*o43;
out(20,20)=o19^2*o26*o35 - 6*o8*o31*o32^2 - 2*o19^2*o28*o31 - o12*(o19*o32*o41 - 2*o19*o35*o38) - 4*o15^2*o31*o38 + 4*o19^2*o25*o41 + 6*o15*o19*o31*o32 - 2*o18*o19*o28*o32 + o13*o19*o32*o35 + 4*o15*o18*o28*o38 - 4*o19*o22*o26*o32 - 2*o13*o15*o35*o38 + 4*o13*o19*o31*o38 - 3*o15*o19*o26*o41 + 6*o15*o22*o26*o38 - 6*o18*o19*o26*o38 - 8*o19*o22*o25*o38 + 6*o8*o26*o32*o41;
out(21,9)=2*o8*o18*o32^2 - o13*(2*o8*o32*o41 - 4*o8*o35*o38) - 3*o3*o32^2*o35 - 4*o8*o19*o31*o32 + o6*o19*o32*o35 + 8*o8*o15*o31*o38 - 8*o8*o18*o28*o38 - 2*o6*o15*o35*o38 + 2*o6*o18*o32*o38 - 2*o6*o19*o28*o41 + 4*o6*o22*o28*o38 + 6*o8*o19*o26*o41 - 12*o8*o22*o26*o38 + 6*o3*o28*o32*o41 - 12*o3*o31*o32*o38;
out(21,17)=2*o15*o18*o32^2 - o12*(o19*o32*o41 - 2*o19*o35*o38) - 4*o19*o22*o28^2 - 2*o6*o32^2*o35 + 8*o8*o28^2*o41 + 4*o19^2*o28*o31 + o19^2*o26*o35 - 2*o15^2*o28*o41 + 8*o15^2*o31*o38 + 4*o19^2*o25*o41 + 2*o15*o19*o28*o35 - 4*o15*o19*o31*o32 + 2*o15*o22*o28*o32 - 2*o18*o19*o28*o32 + 3*o13*o19*o32*o35 - 4*o15*o18*o28*o38 - 4*o19*o22*o26*o32 - o13*o15*o32*o41 - 2*o13*o15*o35*o38 + 4*o13*o18*o32*o38 - 6*o13*o19*o28*o41 + 4*o13*o19*o31*o38 + 8*o13*o22*o28*o38 + 6*o15*o19*o26*o41 - 6*o15*o22*o26*o38 - 6*o18*o19*o26*o38 - 4*o8*o28*o32*o35 - 8*o19*o22*o25*o38 - 16*o8*o28*o31*o38 + 4*o6*o28*o32*o41 - 8*o6*o31*o32*o38;
out(21,20)=o13*(4*o20*o35*o38 - 2*o20*o32*o41 - o19*o33*o41 + o19*o32*o43 + 2*o19*o37*o38 + o15*o39*o41 - 2*o15*o38*o43) + 2*o18*o20*o32^2 - 2*o9*o32^2*o35 - 6*o8*o32^2*o37 + 2*o19^2*o29*o35 + 4*o19^2*o31*o33 - 4*o19^2*o28*o37 + 3*o19^2*o27*o41 - 3*o19^2*o26*o43 - o15^2*o35*o39 - 4*o15^2*o37*o38 + o15*o19*o33*o35 + o15*o20*o32*o35 + 2*o16*o19*o32*o35 - 2*o18*o19*o32*o33 - 4*o19*o20*o31*o32 - 2*o19*o22*o28*o33 - 4*o19*o22*o29*o32 + 6*o15*o19*o32*o37 - 2*o19*o24*o28*o32 - 4*o15*o16*o35*o38 + 4*o15*o18*o33*o38 - 3*o15*o19*o29*o41 - 2*o15*o20*o28*o41 + 8*o15*o20*o31*o38 + 2*o15*o22*o28*o39 + 6*o15*o22*o29*o38 + 2*o16*o18*o32*o38 - 2*o16*o19*o28*o41 + 4*o16*o19*o31*o38 + 4*o16*o22*o28*o38 - 4*o18*o19*o29*o38 - 8*o18*o20*o28*o38 + 4*o15*o24*o28*o38 - o14*o19*o32*o41 + 2*o14*o19*o35*o38 + 9*o19*o20*o26*o41 - 6*o19*o22*o27*o38 - 12*o20*o22*o26*o38 - 6*o19*o24*o26*o38 - 2*o8*o32*o33*o35 + 4*o8*o28*o33*o41 + 6*o8*o29*o32*o41 - 4*o8*o29*o35*o38 - 16*o8*o31*o33*o38 + 4*o9*o28*o32*o41 - 8*o9*o31*o32*o38 + 8*o8*o28*o37*o38 - 6*o8*o26*o39*o41 + 12*o8*o26*o38*o43;
out(22,3)=o1*(4*o32^2*o41 - 8*o32*o35*o38) + 4*o3*o22*o32^2 - 4*o3*o19*o32*o35 - 3*o3*o15*o32*o41 + 6*o3*o15*o35*o38 + 6*o3*o19*o28*o41 - 12*o3*o22*o28*o38 - o2*o19*o32*o41 + 2*o2*o22*o32*o38;
