function out=zMqz2(os)
o1=os(1);o1=os(1);o1=os(1);o2=os(2);o2=os(2);o2=os(2);o3=os(3);o3=os(3);o3=os(3);o4=os(4);o4=os(4);o4=os(4);o5=os(5);o5=os(5);o5=os(5);o6=os(6);o6=os(6);o6=os(6);o7=os(7);o7=os(7);o7=os(7);o8=os(8);o8=os(8);o8=os(8);o9=os(9);o9=os(9);o9=os(9);o10=os(10);o10=os(10);o10=os(10);o11=os(11);o11=os(11);o11=os(11);o12=os(12);o12=os(12);o12=os(12);o13=os(13);o13=os(13);o13=os(13);o14=os(14);o14=os(14);o14=os(14);o15=os(15);o15=os(15);o15=os(15);o16=os(16);o16=os(16);o16=os(16);o17=os(17);o17=os(17);o17=os(17);o18=os(18);o18=os(18);o18=os(18);o19=os(19);o19=os(19);o19=os(19);o20=os(20);o20=os(20);o20=os(20);o21=os(21);o21=os(21);o21=os(21);o22=os(22);o22=os(22);o22=os(22);o23=os(23);o23=os(23);o23=os(23);o24=os(24);o24=os(24);o24=os(24);o25=os(25);o25=os(25);o25=os(25);o26=os(26);o26=os(26);o26=os(26);o27=os(27);o27=os(27);o27=os(27);o28=os(28);o28=os(28);o28=os(28);o29=os(29);o29=os(29);o29=os(29);o30=os(30);o30=os(30);o30=os(30);o31=os(31);o31=os(31);o31=os(31);o32=os(32);o32=os(32);o32=os(32);o33=os(33);o33=os(33);o33=os(33);o34=os(34);o34=os(34);o34=os(34);o35=os(35);o35=os(35);o35=os(35);o36=os(36);o36=os(36);o36=os(36);o37=os(37);o37=os(37);o37=os(37);o38=os(38);o38=os(38);o38=os(38);o39=os(39);o39=os(39);o39=os(39);o40=os(40);o40=os(40);o40=os(40);o41=os(41);o41=os(41);o41=os(41);o42=os(42);o42=os(42);o42=os(42);o43=os(43);o43=os(43);o43=os(43);o44=os(44);o44=os(44);o44=os(44);o45=os(45);o45=os(45);o45=os(45);o46=os(46);o46=os(46);o46=os(46);out=zeros(22,22);
out(17,20)=o11*(4*o15*o32*o38 - 8*o19*o28*o38) + 2*o15*o19^2*o35 - 2*o19^2*o22*o28 + 2*o13*o19^2*o41 - 2*o15^2*o19*o41 + 2*o15^2*o22*o38 + 3*o3*o32^2*o41 + 2*o15*o18*o19*o38 - 4*o13*o19*o22*o38 - 2*o8*o19*o32*o35 + 2*o8*o15*o32*o41 - 4*o8*o15*o35*o38 - 4*o8*o18*o32*o38 + 4*o8*o19*o28*o41 - 3*o6*o19*o32*o41 + 4*o6*o19*o35*o38 + 2*o6*o22*o32*o38 - 6*o3*o32*o35*o38;
out(21,20)=3*o19^2*o26*o41 - 2*o8*o32^2*o35 - o13*(o19*o32*o41 - 2*o19*o35*o38) - 2*o15^2*o35*o38 + 2*o15*o19*o32*o35 - 2*o19*o22*o28*o32 + 2*o15*o18*o32*o38 - 2*o15*o19*o28*o41 + 4*o15*o19*o31*o38 + 4*o15*o22*o28*o38 - 4*o18*o19*o28*o38 - 6*o19*o22*o26*o38 + 4*o8*o28*o32*o41 - 8*o8*o31*o32*o38;
out(22,9)=2*o8*o22*o32^2 - o15*(2*o8*o32*o41 - 4*o8*o35*o38) + 3*o3*o32^2*o41 - 2*o8*o19*o32*o35 + 4*o8*o19*o28*o41 - 8*o8*o22*o28*o38 - o6*o19*o32*o41 + 2*o6*o22*o32*o38 - 6*o3*o32*o35*o38;
out(22,17)=o13*(2*o19*o35*o38 - 3*o19*o32*o41 + 4*o22*o32*o38) + 2*o15*o22*o32^2 + 2*o6*o32^2*o41 + 2*o19^2*o28*o35 + 3*o19^2*o26*o41 - 2*o15^2*o32*o41 + 4*o15^2*o35*o38 - 2*o15*o19*o32*o35 - 2*o19*o22*o28*o32 + 2*o15*o19*o28*o41 - 4*o15*o22*o28*o38 - 6*o19*o22*o26*o38 + 4*o8*o28*o32*o41 - 8*o8*o28*o35*o38 - 4*o6*o32*o35*o38;
out(22,20)=o15*(o15*(o39*o41 - 2*o38*o43) - 3*o19*o33*o41 - 3*o20*o32*o41 + 4*o20*o35*o38 + 4*o22*o33*o38 + 2*o19*o32*o43 + 2*o19*o37*o38 + 2*o24*o32*o38) + 2*o20*o22*o32^2 + 2*o9*o32^2*o41 - 2*o8*o32^2*o43 + 2*o19^2*o33*o35 + 2*o19^2*o29*o41 - 2*o19^2*o28*o43 - 2*o19*o20*o32*o35 - 2*o19*o22*o32*o33 - 2*o16*o19*o32*o41 + 2*o16*o19*o35*o38 + 2*o16*o22*o32*o38 + 6*o19*o20*o28*o41 - 4*o19*o22*o29*o38 - 8*o20*o22*o28*o38 - 4*o19*o24*o28*o38 + 6*o8*o32*o33*o41 - 8*o8*o33*o35*o38 - 4*o9*o32*o35*o38 - 4*o8*o32*o37*o38 - 4*o8*o28*o39*o41 + 8*o8*o28*o38*o43;
end